9.08146
5.1825
2.61732
0.957869
-0.0899606
-0.72764
-1.09272
-1.27876
-1.34911
-1.34646
-1.29936
-1.22676
-1.14109
-1.05035
-0.959599
-0.871927
-0.789096
-0.712018
-0.641052
-0.576207
-0.517281
-0.46395
-0.415827
-0.3725
-0.333555
-0.298593
-0.267236
-0.239131
-0.213955
-0.191411
-0.17123
-0.153168
-0.137006
-0.122546
-0.109609
-0.0980364
-0.0876844
-0.0784247
-0.0701424
-0.0627344
-0.0561085
-0.0501823
-0.044882
-0.0401414
-0.0359014
-0.0321093
-0.0287177
-0.0256843
-0.0229714
-0.0205449
-0.0183748
-0.0164339
-0.014698
-0.0131455
-0.011757
-0.0105151
-0.0094044
-0.00841103
-0.00752258
-0.00672798
-0.00601732
-0.00538171
-0.00481325
-0.00430483
-0.00385012
-0.00344344
-0.00307971
-0.00275441
-0.00246346
-0.00220325
