35.0188
22.2767
13.686
7.94956
4.16663
1.71385
0.1612
-0.786877
-1.33277
-1.61449
-1.72564
-1.72937
-1.66793
-1.56934
-1.45194
-1.3275
-1.20342
-1.08414
-0.972159
-0.868729
-0.77428
-0.688738
-0.611729
-0.542711
-0.481063
-0.426135
-0.377287
-0.33391
-0.295433
-0.26133
-0.231124
-0.204383
-0.180718
-0.15978
-0.14126
-0.124881
-0.110397
-0.0975906
-0.0862681
-0.076258
-0.0674087
-0.0595858
-0.0526704
-0.0465573
-0.0411536
-0.0363769
-0.0321546
-0.0284224
-0.0251233
-0.0222071
-0.0196294
-0.0173509
-0.0153369
-0.0135566
-0.011983
-0.0105921
-0.00936259
-0.00827581
-0.00731518
-0.00646606
-0.0057155
-0.00505206
-0.00446563
-0.00394727
-0.00348908
-0.00308408
-0.00272609
-0.00240965
-0.00212995
-0.00188271
