9.13201
4.81179
2.03688
0.299501
-0.747777
-1.34123
-1.64055
-1.75294
-1.7498
-1.67826
-1.56905
-1.44193
-1.30929
-1.17871
-1.05458
-0.939218
-0.833657
-0.738101
-0.652271
-0.57561
-0.507422
-0.446956
-0.393459
-0.34621
-0.304531
-0.267802
-0.235457
-0.206989
-0.181942
-0.159914
-0.140544
-0.123514
-0.108545
-0.0953866
-0.083822
-0.0736584
-0.0647264
-0.0568771
-0.0499794
-0.0439179
-0.0385915
-0.033911
-0.0297981
-0.026184
-0.0230082
-0.0202175
-0.0177654
-0.0156106
-0.0137172
-0.0120535
-0.0105915
-0.00930684
-0.00817801
-0.0071861
-0.00631449
-0.00554861
-0.00487561
-0.00428425
-0.00376461
-0.003308
-0.00290677
-0.0025542
-0.0022444
-0.00197218
-0.00173297
-0.00152278
-0.00133808
-0.00117578
-0.00103317
-0.000907858
